23
23
23
23
23
20
20
31
31
31
31
31
30
30
30
30
30
25
25
25
25
25
25
25
25
25
25
25
25
25
25
25
25
26
26
26
26
26
26
26
26
26
26
26
26
26
26
26
26
22
22
22
22
22
22
22
22
22
22
22
22
25
25
25
25
25
25
25
25
25
25
23
23
23
23
23
23
23
23
23
23
23
23
23
23
23
23
27
27
27
27
27
19
19
19
19
19
24
24
24
24
24
24
24
24
24
24
24
24
24
24
24
24
24
29
29
29
29
29
29
29
29
29
29
30
30
30
26
26
26
26
26
26
26
26
26
26
6
21
21
21
21
21
21
21
21
21
21
28
28
28
28
28
28
28
28
28
28
28
28
28
28
28
21
21
21
21
21
27
27
27
27
27
27
27
27
27
27
27
27
27
27
27
27
27
20
20
20
20
24
24
24
24
24
24
24
24
